[gd_scene format=3 uid="uid://bllbjlr3e1iyr"]

[ext_resource type="PackedScene" uid="uid://csthcndft67mp" path="res://models/char_models/gltf_character_files/GR_subject_203.glb" id="1_77tj7"]
[ext_resource type="Script" uid="uid://dl8fs1dtfb77r" path="res://models/char_models/ragdoll_body.gd" id="2_e0rqu"]

[sub_resource type="CapsuleShape3D" id="CapsuleShape3D_o6tax"]
radius = 0.0465
height = 0.093

[sub_resource type="CapsuleShape3D" id="CapsuleShape3D_dkyt4"]
radius = 0.061035156
height = 0.12207031

[sub_resource type="CapsuleShape3D" id="CapsuleShape3D_0eba4"]
radius = 0.07910156
height = 0.15820313

[sub_resource type="CapsuleShape3D" id="CapsuleShape3D_am7cv"]
radius = 0.080078125
height = 0.16015625

[sub_resource type="CapsuleShape3D" id="CapsuleShape3D_u5eey"]
radius = 0.053710938
height = 0.107421875

[sub_resource type="BoxShape3D" id="BoxShape3D_e0rqu"]
size = Vector3(0.1, 0.1, 0.13740234)

[sub_resource type="CapsuleShape3D" id="CapsuleShape3D_s6k45"]
radius = 0.025732338
height = 0.25732338

[sub_resource type="CapsuleShape3D" id="CapsuleShape3D_kw4a8"]
radius = 0.028331626
height = 0.28331625

[sub_resource type="CapsuleShape3D" id="CapsuleShape3D_oooeh"]
radius = 0.048828125
height = 0.16357422

[sub_resource type="CapsuleShape3D" id="CapsuleShape3D_823ql"]
radius = 0.027832031
height = 0.055664063

[sub_resource type="CapsuleShape3D" id="CapsuleShape3D_4rqm0"]
radius = 0.025732338
height = 0.25732338

[sub_resource type="CapsuleShape3D" id="CapsuleShape3D_0v3s8"]
radius = 0.028331622
height = 0.28331622

[sub_resource type="CapsuleShape3D" id="CapsuleShape3D_5f4dq"]
radius = 0.048339844
height = 0.20117188

[sub_resource type="CapsuleShape3D" id="CapsuleShape3D_wkwjc"]
radius = 0.0234375
height = 0.046875

[sub_resource type="CapsuleShape3D" id="CapsuleShape3D_buvwi"]
radius = 0.07714844
height = 0.43351513

[sub_resource type="CapsuleShape3D" id="CapsuleShape3D_wp27b"]
radius = 0.051757813
height = 0.37511182

[sub_resource type="CapsuleShape3D" id="CapsuleShape3D_ytxqc"]
radius = 0.05908203
height = 0.24105059

[sub_resource type="CapsuleShape3D" id="CapsuleShape3D_r35ou"]
radius = 0.080078125
height = 0.43351513

[sub_resource type="CapsuleShape3D" id="CapsuleShape3D_o6n3k"]
radius = 0.05810547
height = 0.37511182

[sub_resource type="CapsuleShape3D" id="CapsuleShape3D_xmynv"]
radius = 0.05859375
height = 0.25114053

[node name="player_ragdoll" unique_id=366613227 node_paths=PackedStringArray("skeleton", "physics_bone", "head_tracker", "body_target") instance=ExtResource("1_77tj7")]
script = ExtResource("2_e0rqu")
skeleton = NodePath("rig/Skeleton3D")
physics_bone = NodePath("rig/Skeleton3D/PhysicalBoneSimulator3D")
head_tracker = NodePath("rig/Skeleton3D/head_track")
body_target = NodePath("rig/body_target")

[node name="Skeleton3D" parent="rig" parent_id_path=PackedInt32Array(1127976597) index="0" unique_id=854712241]
show_rest_only = true
bones/1/position = Vector3(7.772877e-15, -0.020902012, 0.86166614)
bones/1/rotation = Quaternion(0.78005874, 7.458996e-08, 9.29903e-08, 0.6257063)
bones/2/rotation = Quaternion(-0.051503174, 1.19051e-07, -1.841897e-08, 0.99867284)
bones/3/rotation = Quaternion(-0.14422898, -0.038710143, -0.0076099704, 0.9887576)
bones/4/rotation = Quaternion(0.0865227, -0.112106085, -0.0034424267, 0.98991627)
bones/5/rotation = Quaternion(0.18798754, 0.07416707, -0.014113081, 0.97926545)
bones/6/rotation = Quaternion(0.11896101, -0.0546768, -0.0066464012, 0.99137)
bones/7/rotation = Quaternion(-0.119440496, 0.07532538, -0.005102, 0.98996675)
bones/8/rotation = Quaternion(0.18669993, 0.13491055, -0.025677593, 0.97277075)
bones/9/scale = Vector3(0.99999994, 0.99999994, 0.99999994)
bones/10/rotation = Quaternion(-0.11864716, 0.13701847, -0.00928055, 0.9833935)
bones/10/scale = Vector3(0.99999994, 0.9999999, 1)
bones/19/rotation = Quaternion(-0.60067457, -0.31868815, -0.27044567, 0.68153286)
bones/20/rotation = Quaternion(-0.24739632, 0.4737044, -0.80147266, 0.26840425)
bones/21/rotation = Quaternion(0.29449764, -0.2836834, 0.056012142, 0.9108555)
bones/22/rotation = Quaternion(0.24422695, -0.71454906, -0.17758772, 0.631059)
bones/23/rotation = Quaternion(-0.28142244, 0.5069006, -0.7707092, 0.26431137)
bones/24/rotation = Quaternion(0.29377806, 0.06605295, 0.03681013, 0.952878)
bones/25/rotation = Quaternion(0.35781366, -0.025359983, -0.026615743, 0.93306905)
bones/26/rotation = Quaternion(0.39872214, 0.02621427, 0.013636465, 0.91659564)
bones/27/position = Vector3(0.0013342625, -0.018702744, 0.005584564)
bones/27/rotation = Quaternion(-0.046894286, 0.6985094, 0.4212479, 0.57657254)
bones/28/rotation = Quaternion(-0.050453387, -0.03675955, 0.0020489553, 0.9980476)
bones/29/rotation = Quaternion(-0.04651221, -0.00090427697, 0.017466825, 0.9987646)
bones/30/rotation = Quaternion(-0.046894178, 0.6985091, 0.42124778, 0.57657284)
bones/31/rotation = Quaternion(0.6088112, 0.030443849, -0.023260143, 0.7923896)
bones/32/rotation = Quaternion(0.18410656, -0.025485134, 0.0019783191, 0.98257387)
bones/33/rotation = Quaternion(0.28723726, -0.011803559, 0.012551805, 0.95770454)
bones/34/rotation = Quaternion(0.6088114, 0.030443707, -0.02325986, 0.7923894)
bones/35/rotation = Quaternion(0.6319176, 0.027502205, -0.0055764397, 0.7745274)
bones/36/rotation = Quaternion(0.21062474, -0.02903962, 0.0060513597, 0.9771168)
bones/37/rotation = Quaternion(0.3151017, -0.017773965, 0.011353713, 0.94882363)
bones/38/rotation = Quaternion(0.6319178, 0.027501585, -0.0055765575, 0.7745274)
bones/39/rotation = Quaternion(0.67414117, -0.011491723, 0.0512347, 0.73673385)
bones/40/rotation = Quaternion(0.182282, -0.010641031, -0.0011183202, 0.98318815)
bones/41/rotation = Quaternion(0.06921496, -0.015947537, 0.1026467, 0.99217874)
bones/42/position = Vector3(0.024218937, 0.00044371508, 0.0006603586)
bones/42/rotation = Quaternion(0.034639884, 0.025752464, -0.36016694, 0.93188876)
bones/42/scale = Vector3(0.9999997, 1, 1)
bones/43/rotation = Quaternion(0.18228213, -0.010640452, -0.0011181158, 0.98318803)
bones/44/rotation = Quaternion(0.0692151, -0.015947778, 0.10264772, 0.9921787)
bones/45/position = Vector3(0.02421877, 0.00044408446, 0.0006602097)
bones/45/rotation = Quaternion(-0.6006747, 0.3186879, 0.27044538, 0.6815331)
bones/45/scale = Vector3(0.9999999, 0.9999997, 0.99999964)
bones/46/rotation = Quaternion(-0.18950124, -0.7087111, 0.49023795, 0.4706217)
bones/47/rotation = Quaternion(0.8083316, -0.03738319, 0.10866439, 0.57740337)
bones/48/rotation = Quaternion(0.01467626, -0.18370254, 0.5464633, 0.8169552)
bones/49/rotation = Quaternion(-0.17738035, -0.6515064, 0.5882719, 0.44498524)
bones/50/rotation = Quaternion(-0.13206421, -0.044578843, -0.061078638, 0.9883528)
bones/51/rotation = Quaternion(0.30401057, 0.023800898, 0.028018355, 0.9519591)
bones/52/rotation = Quaternion(0.34579432, -0.02539295, -0.015108088, 0.937845)
bones/53/position = Vector3(-0.0013344674, -0.018702816, 0.005584518)
bones/53/rotation = Quaternion(0.02182743, -0.6522631, -0.58140403, 0.4858455)
bones/54/rotation = Quaternion(0.39674723, -0.17445852, 0.15166903, 0.88834256)
bones/55/rotation = Quaternion(0.42221937, -0.0038313796, 0.058723237, 0.9045815)
bones/56/rotation = Quaternion(0.021828726, -0.6522635, -0.5814036, 0.4858453)
bones/57/rotation = Quaternion(0.58922505, -0.030979186, -0.005411897, 0.80735666)
bones/58/rotation = Quaternion(0.4472702, 0.21372196, -0.10773228, 0.8617808)
bones/59/rotation = Quaternion(0.5515276, 0.0076774475, -0.015424939, 0.83397865)
bones/60/rotation = Quaternion(0.5892249, -0.030980442, -0.005412771, 0.8073569)
bones/61/rotation = Quaternion(0.6173407, -0.027341446, -0.0025620703, 0.7862165)
bones/62/rotation = Quaternion(0.390951, 0.21635744, -0.09485464, 0.8895783)
bones/63/rotation = Quaternion(0.4988135, 0.015139005, -0.014684785, 0.86645275)
bones/64/rotation = Quaternion(0.61734086, -0.027341327, -0.0025602747, 0.78621644)
bones/65/rotation = Quaternion(0.49809465, 0.023425397, -0.03793577, 0.86597574)
bones/66/rotation = Quaternion(0.52004266, 0.18408495, -0.11215179, 0.8264928)
bones/67/rotation = Quaternion(0.43021056, -0.02302804, -0.101294346, 0.896732)
bones/68/position = Vector3(-0.02708872, 0.06401128, -0.04303748)
bones/68/rotation = Quaternion(0.06839131, 0.67862034, 0.7307744, -0.027675688)
bones/68/scale = Vector3(0.9999999, 0.99999976, 0.9999999)
bones/69/rotation = Quaternion(0.52004504, 0.18408357, -0.112153, 0.82649153)
bones/70/rotation = Quaternion(0.43020886, -0.023028165, -0.10129478, 0.8967326)
bones/71/position = Vector3(-0.027088722, 0.064011514, -0.043037865)
bones/71/rotation = Quaternion(0.06075245, 0.7039166, 0.7050587, -0.06085038)
bones/71/scale = Vector3(0.9999999, 0.99999976, 0.99999964)
bones/73/rotation = Quaternion(0.07823323, 0.7694965, 0.42892045, -0.4666711)
bones/74/rotation = Quaternion(0.060754575, 0.70394546, 0.7050299, -0.060848247)
bones/75/rotation = Quaternion(0.9970244, -0.019556826, 0.0017284077, 0.074544735)
bones/76/position = Vector3(0.07194668, 0.014142294, 0.06519321)
bones/76/rotation = Quaternion(0.0369207, -0.00084761373, -0.04229818, 0.99842227)
bones/77/position = Vector3(-0.071849875, 0.0146263605, 0.06519317)
bones/77/rotation = Quaternion(-0.5671843, -0.012298469, 0.019078905, 0.823278)
bones/78/position = Vector3(0.049325723, 0.04464541, -0.037112717)
bones/78/rotation = Quaternion(-3.9290572e-07, 0.97798985, -0.20865265, 3.0404133e-06)
bones/78/scale = Vector3(0.9741633, 1.0537477, 0.9741628)
bones/79/position = Vector3(-0.030937508, 0.010048024, 0.080604024)
bones/79/rotation = Quaternion(0.68445325, 0.68445456, -0.17754649, 0.17754707)
bones/80/rotation = Quaternion(0.9970245, 0.019556819, -0.0017281601, 0.07454384)
bones/81/rotation = Quaternion(0.036918696, 0.00084748893, 0.0422982, 0.9984223)
bones/82/rotation = Quaternion(-0.5671836, 0.012298641, -0.01907878, 0.8232785)
bones/83/rotation = Quaternion(-2.511589e-07, 0.9779898, -0.20865276, -2.4496615e-07)
bones/84/position = Vector3(0.030937541, 0.010048005, 0.08060407)
bones/84/rotation = Quaternion(0.6844533, -0.68445474, 0.17754629, 0.17754646)
bones/85/position = Vector3(-0.030937338, 0.010048725, 0.08060376)
bones/85/rotation = Quaternion(0.68445444, 0.68445176, -0.17755002, 0.17754996)
bones/86/rotation = Quaternion(0.9970245, 0.019556772, -0.0017297836, 0.07454381)

[node name="PhysicalBoneSimulator3D" type="PhysicalBoneSimulator3D" parent="rig/Skeleton3D" index="3" unique_id=1624738270]

[node name="Physical Bone spine" type="PhysicalBone3D" parent="rig/Skeleton3D/PhysicalBoneSimulator3D" index="0" unique_id=2046666120]
transform = Transform3D(1, 3.427265e-07, -3.7256562e-09, 7.072914e-08, -0.21698362, -0.9761753, -3.3536952e-07, 0.9761753, -0.21698362, -5.960464e-08, 0.9030651, 0.021222955)
collision_layer = 8
collision_mask = 9
joint_type = 2
joint_offset = Transform3D(1, 0, 0, 0, 1, 0, 0, 0, 1, 5.97626e-08, 1.1694709e-07, 0.0424093)
body_offset = Transform3D(1, 1.04307986e-07, -3.725578e-09, -3.7255177e-09, -2.9802322e-07, -1, -1.0430796e-07, 1, -2.9802322e-07, -5.9604616e-08, 0.0424093, -1.0430813e-07)
bounce = 0.5
bone_name = "spine"
joint_constraints/swing_span = 0.99999964
joint_constraints/twist_span = 30.0
joint_constraints/bias = 0.3
joint_constraints/softness = 0.8
joint_constraints/relaxation = 1.0

[node name="CollisionShape3D" type="CollisionShape3D" parent="rig/Skeleton3D/PhysicalBoneSimulator3D/Physical Bone spine" index="0" unique_id=37016445]
transform = Transform3D(1, -1.3784529e-12, 5.6132876e-13, 7.1054274e-14, 1.0000015, 1.4901161e-08, 1.0658141e-14, -1.4901161e-08, 1.0000015, 7.9580786e-13, 0, 0)
shape = SubResource("CapsuleShape3D_o6tax")

[node name="Physical Bone spine_001" type="PhysicalBone3D" parent="rig/Skeleton3D/PhysicalBoneSimulator3D" index="1" unique_id=823728151]
transform = Transform3D(1, -2.6807455e-05, -1.5380367e-06, -4.6222167e-06, -0.11543287, -0.9933153, 2.6450714e-05, 0.99331534, -0.115432866, -1.6703164e-07, 0.97326386, 0.03377337)
collision_layer = 8
collision_mask = 9
joint_type = 2
joint_offset = Transform3D(1, 0, 0, 0, 1, 0, 0, 0, 1, 2.115891e-07, -1.3415977e-06, 0.02899373)
body_offset = Transform3D(1, -2.7284292e-05, -1.5380274e-06, -1.5385594e-06, -1.951307e-05, -0.99999994, 2.728426e-05, 1, -1.951307e-05, -1.6703255e-07, 0.028993726, 1.9073486e-06)
bounce = 0.5
bone_name = "spine.001"
joint_constraints/swing_span = 0.99999964
joint_constraints/twist_span = 30.0
joint_constraints/bias = 0.3
joint_constraints/softness = 0.8
joint_constraints/relaxation = 1.0

[node name="CollisionShape3D" type="CollisionShape3D" parent="rig/Skeleton3D/PhysicalBoneSimulator3D/Physical Bone spine_001" index="0" unique_id=727911111]
transform = Transform3D(1, -3.637979e-12, 1.364242e-12, 3.8198777e-11, 1, 1.937151e-07, -1.6825652e-11, -1.937151e-07, 1, 9.094947e-13, 0, 0)
shape = SubResource("CapsuleShape3D_dkyt4")

[node name="Physical Bone spine_002" type="PhysicalBone3D" parent="rig/Skeleton3D/PhysicalBoneSimulator3D" index="2" unique_id=1182100013]
transform = Transform3D(1, 2.3841727e-07, -3.0908612e-13, -4.1511214e-08, 0.17411034, -0.9847262, -2.3477567e-07, 0.9847262, 0.17411034, 1.3355841e-10, 1.0915052, 0.038851872)
collision_layer = 8
collision_mask = 9
joint_type = 2
joint_offset = Transform3D(1, 0, 0, 0, 1, 0, 0, 0, 1, -1.3367515e-10, 5.3241774e-07, 0.030006059)
body_offset = Transform3D(1, -1.3500312e-12, -3.3040237e-13, -3.3395509e-13, 1.1920929e-07, -0.99999976, 1.3926638e-12, 0.9999999, 1.3411045e-07, 1.3368506e-10, 0.030006051, -5.364418e-07)
bounce = 0.5
bone_name = "spine.002"
joint_constraints/swing_span = 0.99999964
joint_constraints/twist_span = 30.0
joint_constraints/bias = 0.3
joint_constraints/softness = 0.8
joint_constraints/relaxation = 1.0

[node name="CollisionShape3D" type="CollisionShape3D" parent="rig/Skeleton3D/PhysicalBoneSimulator3D/Physical Bone spine_002" index="0" unique_id=2060296786]
transform = Transform3D(1, -1.5347723e-12, -6.217249e-14, 0, 1, 0, 0, 0, 1, 0, 0, 0)
shape = SubResource("CapsuleShape3D_0eba4")

[node name="Physical Bone spine_003" type="PhysicalBone3D" parent="rig/Skeleton3D/PhysicalBoneSimulator3D" index="3" unique_id=907723815]
transform = Transform3D(1, 2.3841892e-07, -4.5569104e-12, -3.9092385e-10, 0.0016205383, -0.9999987, -2.3841858e-07, 0.9999987, 0.0016205383, 8.370101e-11, 1.2334336, 0.021100411)
collision_layer = 8
collision_mask = 9
joint_type = 2
joint_offset = Transform3D(1, 0, 0, 0, 1, 0, 0, 0, 1, -3.0827663e-11, -0.00022099163, 0.04064955)
body_offset = Transform3D(1, 3.126388e-13, -4.338474e-12, -4.3570147e-12, -8.121133e-07, -0.99999964, -2.4158453e-13, 0.9999999, -8.266652e-07, 3.1004088e-11, 0.040649533, 0.0002210252)
bounce = 0.5
bone_name = "spine.003"
joint_constraints/swing_span = 0.99999964
joint_constraints/twist_span = 30.0
joint_constraints/bias = 0.3
joint_constraints/softness = 0.8
joint_constraints/relaxation = 1.0

[node name="CollisionShape3D" type="CollisionShape3D" parent="rig/Skeleton3D/PhysicalBoneSimulator3D/Physical Bone spine_003" index="0" unique_id=341850378]
transform = Transform3D(1, 6.5225603e-15, 1.4210855e-14, 4.8316906e-13, 0, 1, 0, -1, 0, 0, 0, 0)
shape = SubResource("CapsuleShape3D_am7cv")

[node name="Physical Bone spine_004" type="PhysicalBone3D" parent="rig/Skeleton3D/PhysicalBoneSimulator3D" index="4" unique_id=938223093]
transform = Transform3D(1, 8.554554e-14, -4.788558e-14, -1.2962468e-14, -0.36878473, -0.9295148, -9.717532e-14, 0.9295148, -0.36878473, -8.1077485e-15, 1.3744389, 0.030624084)
collision_layer = 8
collision_mask = 9
joint_type = 2
joint_offset = Transform3D(1, 0, 0, 0, 1, 0, 0, 0, 1, 1.2032712e-14, 9.4120466e-08, 0.026933914)
body_offset = Transform3D(1, -1.3930358e-14, 1.6063373e-14, -1.0164395e-20, -1.0728836e-06, -0.9999997, 1.7763582e-14, 0.9999998, -1.2814999e-06, -1.246536e-14, 0.026933908, -5.9604645e-08)
bounce = 0.5
bone_name = "spine.004"
joint_constraints/swing_span = 0.99999964
joint_constraints/twist_span = 30.0
joint_constraints/bias = 0.3
joint_constraints/softness = 0.8
joint_constraints/relaxation = 1.0

[node name="CollisionShape3D" type="CollisionShape3D" parent="rig/Skeleton3D/PhysicalBoneSimulator3D/Physical Bone spine_004" index="0" unique_id=384164241]
transform = Transform3D(1, -2.3716923e-19, 3.3881318e-21, 0, 1, 2.9802322e-08, 0, 0, 1, 0, 0, 0)
shape = SubResource("CapsuleShape3D_u5eey")

[node name="Physical Bone head" type="PhysicalBone3D" parent="rig/Skeleton3D/PhysicalBoneSimulator3D" index="5" unique_id=373966501]
transform = Transform3D(1, -6.540436e-11, 9.862339e-12, 6.540436e-11, 1, -2.0116556e-07, -9.862326e-12, 2.0116556e-07, 1, 1.2929855e-14, 1.4496242, 0.050081883)
collision_layer = 0
collision_mask = 9
joint_type = 2
body_offset = Transform3D(1, -6.541857e-11, 9.7344416e-12, 6.5397236e-11, 0.99999964, -9.68574e-08, -9.734435e-12, 1.11758624e-07, 1, 0, 0, 0)
bounce = 0.2
bone_name = "spine.006"
joint_constraints/swing_span = 1.9999993
joint_constraints/twist_span = 0.0
joint_constraints/bias = 0.3
joint_constraints/softness = 0.8
joint_constraints/relaxation = 1.0

[node name="CollisionShape3D" type="CollisionShape3D" parent="rig/Skeleton3D/PhysicalBoneSimulator3D/Physical Bone head" index="0" unique_id=265368116]
transform = Transform3D(1, -1.4041678e-18, 0, -1.4041678e-18, 1, 0, 0, 0, 1, 6.938894e-18, 0.019214153, 0.018701173)
shape = SubResource("BoxShape3D_e0rqu")

[node name="Physical Bone upper_arm_L" type="PhysicalBone3D" parent="rig/Skeleton3D/PhysicalBoneSimulator3D" index="6" unique_id=1433849394]
transform = Transform3D(-0.7044409, 0.020333054, -0.70947134, -0.70780635, 0.054040395, 0.7043364, 0.052661423, 0.9983317, -0.0236764, 0.19711566, 1.2148159, -0.018473819)
collision_layer = 8
collision_mask = 9
joint_type = 2
joint_offset = Transform3D(1, 0, 0, 0, 1, 0, 0, 0, 1, -2.1731656e-05, -1.8265703e-06, 0.1286694)
body_offset = Transform3D(0.9999999, -1.0095537e-06, -9.451644e-06, -9.854906e-06, -1.4305115e-06, -0.99999994, 1.0542572e-06, 1, -1.322478e-06, 2.2947788e-05, 0.12866938, 1.9967556e-06)
bounce = 0.5
bone_name = "upper_arm.L"
joint_constraints/swing_span = 45.0
joint_constraints/twist_span = 180.0
joint_constraints/bias = 0.3
joint_constraints/softness = 0.8
joint_constraints/relaxation = 1.0

[node name="CollisionShape3D" type="CollisionShape3D" parent="rig/Skeleton3D/PhysicalBoneSimulator3D/Physical Bone upper_arm_L" index="0" unique_id=1982964215]
transform = Transform3D(1, 0, 0, 0, 0, 1, 0, -1, 0, 0, 0, 0)
shape = SubResource("CapsuleShape3D_s6k45")

[node name="Physical Bone forearm_L" type="PhysicalBone3D" parent="rig/Skeleton3D/PhysicalBoneSimulator3D" index="7" unique_id=49900011]
transform = Transform3D(-0.74801075, -0.07405375, -0.6595423, -0.6624713, 0.023196394, 0.7487281, -0.040147122, 0.9969845, -0.06640963, 0.38183928, 1.0181528, -0.006023121)
collision_layer = 8
collision_mask = 9
joint_type = 5
joint_offset = Transform3D(1, 0, 0, 0, 1, 0, 0, 0, 1, -4.1355122e-08, -5.335358e-07, 0.14165941)
body_offset = Transform3D(1.0000001, 2.3841858e-07, 7.126946e-07, 2.416782e-07, -1.8253922e-06, -1.0000002, -1.7508864e-07, 1.0000002, -1.6838312e-06, -5.9604645e-08, 0.14165944, 7.720664e-07)
bounce = 0.5
bone_name = "forearm.L"
joint_constraints/x/linear_limit_enabled = true
joint_constraints/x/linear_limit_upper = 0.0
joint_constraints/x/linear_limit_lower = 0.0
joint_constraints/x/linear_limit_softness = 0.7
joint_constraints/x/linear_spring_enabled = false
joint_constraints/x/linear_spring_stiffness = 0.0
joint_constraints/x/linear_spring_damping = 0.0
joint_constraints/x/linear_equilibrium_point = 0.0
joint_constraints/x/linear_restitution = 0.5
joint_constraints/x/linear_damping = 1.0
joint_constraints/x/angular_limit_enabled = true
joint_constraints/x/angular_limit_upper = 0.0
joint_constraints/x/angular_limit_lower = -180.0
joint_constraints/x/angular_limit_softness = 0.5
joint_constraints/x/angular_restitution = 0.0
joint_constraints/x/angular_damping = 1.0
joint_constraints/x/erp = 0.5
joint_constraints/x/angular_spring_enabled = false
joint_constraints/x/angular_spring_stiffness = 0.0
joint_constraints/x/angular_spring_damping = 0.0
joint_constraints/x/angular_equilibrium_point = 0.0
joint_constraints/y/linear_limit_enabled = true
joint_constraints/y/linear_limit_upper = 0.0
joint_constraints/y/linear_limit_lower = 0.0
joint_constraints/y/linear_limit_softness = 0.7
joint_constraints/y/linear_spring_enabled = false
joint_constraints/y/linear_spring_stiffness = 0.0
joint_constraints/y/linear_spring_damping = 0.0
joint_constraints/y/linear_equilibrium_point = 0.0
joint_constraints/y/linear_restitution = 0.5
joint_constraints/y/linear_damping = 1.0
joint_constraints/y/angular_limit_enabled = true
joint_constraints/y/angular_limit_upper = 0.0
joint_constraints/y/angular_limit_lower = 0.0
joint_constraints/y/angular_limit_softness = 0.5
joint_constraints/y/angular_restitution = 0.0
joint_constraints/y/angular_damping = 1.0
joint_constraints/y/erp = 0.5
joint_constraints/y/angular_spring_enabled = false
joint_constraints/y/angular_spring_stiffness = 0.0
joint_constraints/y/angular_spring_damping = 0.0
joint_constraints/y/angular_equilibrium_point = 0.0
joint_constraints/z/linear_limit_enabled = true
joint_constraints/z/linear_limit_upper = 0.0
joint_constraints/z/linear_limit_lower = 0.0
joint_constraints/z/linear_limit_softness = 0.7
joint_constraints/z/linear_spring_enabled = false
joint_constraints/z/linear_spring_stiffness = 0.0
joint_constraints/z/linear_spring_damping = 0.0
joint_constraints/z/linear_equilibrium_point = 0.0
joint_constraints/z/linear_restitution = 0.5
joint_constraints/z/linear_damping = 1.0
joint_constraints/z/angular_limit_enabled = true
joint_constraints/z/angular_limit_upper = 0.0
joint_constraints/z/angular_limit_lower = 0.0
joint_constraints/z/angular_limit_softness = 0.5
joint_constraints/z/angular_restitution = 0.0
joint_constraints/z/angular_damping = 1.0
joint_constraints/z/erp = 0.5
joint_constraints/z/angular_spring_enabled = false
joint_constraints/z/angular_spring_stiffness = 0.0
joint_constraints/z/angular_spring_damping = 0.0
joint_constraints/z/angular_equilibrium_point = 0.0

[node name="CollisionShape3D" type="CollisionShape3D" parent="rig/Skeleton3D/PhysicalBoneSimulator3D/Physical Bone forearm_L" index="0" unique_id=464403179]
transform = Transform3D(1, 0, 0, 0, 0, 1, 0, -1, 0, 0, 0, 0)
shape = SubResource("CapsuleShape3D_kw4a8")

[node name="Physical Bone hand_L" type="PhysicalBone3D" parent="rig/Skeleton3D/PhysicalBoneSimulator3D" index="8" unique_id=1022800397]
transform = Transform3D(0.70934707, 0.2729542, -0.6498637, 0.6359599, -0.64540833, 0.4230877, -0.30394387, -0.7134033, -0.63140637, 0.48428112, 0.90618944, 0.01216358)
collision_layer = 8
collision_mask = 9
joint_type = 1
joint_offset = Transform3D(1, 0, 0, 0, 1, 0, 0, 0, 1, 2.7965056e-05, -4.770234e-06, 0.013897937)
body_offset = Transform3D(-0.94420695, 0.23770988, 0.22796382, 2.8964132e-07, 0.692156, -0.7217483, -0.3293532, -0.68147945, -0.6535384, -0.003140688, 0.010034114, 0.009088796)
bounce = 0.5
bone_name = "hand.L"
joint_constraints/bias = 0.3
joint_constraints/damping = 1.0
joint_constraints/impulse_clamp = 0.0

[node name="CollisionShape3D" type="CollisionShape3D" parent="rig/Skeleton3D/PhysicalBoneSimulator3D/Physical Bone hand_L" index="0" unique_id=2113021888]
transform = Transform3D(1.0000001, -5.3830445e-07, 4.7683716e-07, 1.4901161e-08, 0.733683, 0.67949283, 4.4703484e-08, -0.6794927, 0.73368275, 7.705135e-09, 0.03582478, -0.009823487)
shape = SubResource("CapsuleShape3D_oooeh")

[node name="Physical Bone hand_flaps_L" type="PhysicalBone3D" parent="rig/Skeleton3D/PhysicalBoneSimulator3D" index="9" unique_id=1780052133]
transform = Transform3D(-0.7403685, 0.67220134, 4.7513245e-07, -0.6708923, -0.73892677, -0.06237725, -0.041929714, -0.046182472, 0.9980527, 0.44799218, 0.94702685, -0.01749952)
collision_layer = 8
collision_mask = 9
joint_type = 1
joint_offset = Transform3D(1, 0, 0, 0, 1, 0, 0, 0, 1, -2.7031382e-08, 1.305793e-06, 0.020968733)
body_offset = Transform3D(1.0000001, 4.1222665e-07, -1.553446e-06, -1.5571713e-06, -1.0319054e-06, -1.0000002, -8.648494e-07, 1.0000004, -1.1585653e-06, 5.9604645e-08, 0.020968739, -1.2814999e-06)
bounce = 0.5
bone_name = "hand_flaps.L"
joint_constraints/bias = 0.3
joint_constraints/damping = 1.0
joint_constraints/impulse_clamp = 0.0

[node name="CollisionShape3D" type="CollisionShape3D" parent="rig/Skeleton3D/PhysicalBoneSimulator3D/Physical Bone hand_flaps_L" index="0" unique_id=592268039]
transform = Transform3D(1, 8.568168e-08, -1.9127037e-07, 1.6880222e-08, 3.7252903e-08, 1.0000001, 7.450581e-09, -1, 7.450581e-09, 0, -5.9604645e-08, -0.030768096)
shape = SubResource("CapsuleShape3D_823ql")

[node name="Physical Bone upper_arm_R" type="PhysicalBone3D" parent="rig/Skeleton3D/PhysicalBoneSimulator3D" index="10" unique_id=1088178524]
transform = Transform3D(-0.70446044, -0.020326842, 0.7094522, 0.7077878, 0.054031514, 0.70435584, -0.05265011, 0.9983323, -0.023675974, -0.19711235, 1.2148358, -0.018477228)
collision_layer = 8
collision_mask = 9
joint_type = 2
joint_offset = Transform3D(1, 0, 0, 0, 1, 0, 0, 0, 1, 6.3548987e-06, 3.1024882e-07, 0.12865292)
body_offset = Transform3D(1, -9.842217e-06, 3.631448e-05, 3.6659534e-05, 7.3574483e-07, -1.0000001, 9.883195e-06, 1, 7.1525574e-07, -1.1026859e-05, 0.12865293, -4.0233135e-07)
bounce = 0.5
bone_name = "upper_arm.R"
joint_constraints/swing_span = 45.0
joint_constraints/twist_span = 180.0
joint_constraints/bias = 0.3
joint_constraints/softness = 0.8
joint_constraints/relaxation = 1.0

[node name="CollisionShape3D" type="CollisionShape3D" parent="rig/Skeleton3D/PhysicalBoneSimulator3D/Physical Bone upper_arm_R" index="0" unique_id=274293891]
transform = Transform3D(1, 0, 0, 0, 0, 1, 0, -1, 0, 0, 0, 0)
shape = SubResource("CapsuleShape3D_4rqm0")

[node name="Physical Bone forearm_R" type="PhysicalBone3D" parent="rig/Skeleton3D/PhysicalBoneSimulator3D" index="11" unique_id=1319079056]
transform = Transform3D(-0.74801075, 0.07406469, 0.6595411, 0.6624709, 0.02320015, 0.7487284, 0.040152878, 0.9969836, -0.06641966, -0.3818374, 1.0181532, -0.0060231974)
collision_layer = 8
collision_mask = 9
joint_type = 5
joint_offset = Transform3D(1, 0, 0, 0, 1, 0, 0, 0, 1, 9.982052e-07, 8.512438e-07, 0.14165764)
body_offset = Transform3D(1.0000001, -5.9232116e-06, -3.1432137e-07, 3.958121e-08, -1.142174e-05, -1.0000001, 5.953014e-06, 1.0000002, -1.1406839e-05, -9.536743e-07, 0.14165765, 7.6461583e-07)
bounce = 0.5
bone_name = "forearm.R"
joint_constraints/x/linear_limit_enabled = true
joint_constraints/x/linear_limit_upper = 0.0
joint_constraints/x/linear_limit_lower = 0.0
joint_constraints/x/linear_limit_softness = 0.7
joint_constraints/x/linear_spring_enabled = false
joint_constraints/x/linear_spring_stiffness = 0.0
joint_constraints/x/linear_spring_damping = 0.0
joint_constraints/x/linear_equilibrium_point = 0.0
joint_constraints/x/linear_restitution = 0.5
joint_constraints/x/linear_damping = 1.0
joint_constraints/x/angular_limit_enabled = true
joint_constraints/x/angular_limit_upper = 0.0
joint_constraints/x/angular_limit_lower = -180.0
joint_constraints/x/angular_limit_softness = 0.5
joint_constraints/x/angular_restitution = 0.0
joint_constraints/x/angular_damping = 1.0
joint_constraints/x/erp = 0.5
joint_constraints/x/angular_spring_enabled = false
joint_constraints/x/angular_spring_stiffness = 0.0
joint_constraints/x/angular_spring_damping = 0.0
joint_constraints/x/angular_equilibrium_point = 0.0
joint_constraints/y/linear_limit_enabled = true
joint_constraints/y/linear_limit_upper = 0.0
joint_constraints/y/linear_limit_lower = 0.0
joint_constraints/y/linear_limit_softness = 0.7
joint_constraints/y/linear_spring_enabled = false
joint_constraints/y/linear_spring_stiffness = 0.0
joint_constraints/y/linear_spring_damping = 0.0
joint_constraints/y/linear_equilibrium_point = 0.0
joint_constraints/y/linear_restitution = 0.5
joint_constraints/y/linear_damping = 1.0
joint_constraints/y/angular_limit_enabled = true
joint_constraints/y/angular_limit_upper = 0.0
joint_constraints/y/angular_limit_lower = 0.0
joint_constraints/y/angular_limit_softness = 0.5
joint_constraints/y/angular_restitution = 0.0
joint_constraints/y/angular_damping = 1.0
joint_constraints/y/erp = 0.5
joint_constraints/y/angular_spring_enabled = false
joint_constraints/y/angular_spring_stiffness = 0.0
joint_constraints/y/angular_spring_damping = 0.0
joint_constraints/y/angular_equilibrium_point = 0.0
joint_constraints/z/linear_limit_enabled = true
joint_constraints/z/linear_limit_upper = 0.0
joint_constraints/z/linear_limit_lower = 0.0
joint_constraints/z/linear_limit_softness = 0.7
joint_constraints/z/linear_spring_enabled = false
joint_constraints/z/linear_spring_stiffness = 0.0
joint_constraints/z/linear_spring_damping = 0.0
joint_constraints/z/linear_equilibrium_point = 0.0
joint_constraints/z/linear_restitution = 0.5
joint_constraints/z/linear_damping = 1.0
joint_constraints/z/angular_limit_enabled = true
joint_constraints/z/angular_limit_upper = 0.0
joint_constraints/z/angular_limit_lower = 0.0
joint_constraints/z/angular_limit_softness = 0.5
joint_constraints/z/angular_restitution = 0.0
joint_constraints/z/angular_damping = 1.0
joint_constraints/z/erp = 0.5
joint_constraints/z/angular_spring_enabled = false
joint_constraints/z/angular_spring_stiffness = 0.0
joint_constraints/z/angular_spring_damping = 0.0
joint_constraints/z/angular_equilibrium_point = 0.0

[node name="CollisionShape3D" type="CollisionShape3D" parent="rig/Skeleton3D/PhysicalBoneSimulator3D/Physical Bone forearm_R" index="0" unique_id=632769728]
transform = Transform3D(1, 0, 0, 0, 0, 1, 0, -1, 0, 0, 0, 0)
shape = SubResource("CapsuleShape3D_0v3s8")

[node name="Physical Bone hand_R" type="PhysicalBone3D" parent="rig/Skeleton3D/PhysicalBoneSimulator3D" index="12" unique_id=422108666]
transform = Transform3D(0.7093655, -0.27293858, 0.64985013, -0.635938, -0.6454214, 0.4231007, 0.30394667, -0.7133974, -0.6314117, -0.4843175, 0.9061977, 0.012175856)
collision_layer = 8
collision_mask = 9
joint_type = 1
joint_offset = Transform3D(1, 0, 0, 0, 1, 0, 0, 0, 1, -4.5634806e-08, -4.1397288e-07, 0.013925556)
body_offset = Transform3D(-0.94420624, -0.23772994, -0.22794548, -2.8486364e-05, 0.692155, -0.7217488, 0.32935482, -0.68147326, -0.6535438, 0.0031741261, 0.010051042, 0.009100694)
bounce = 0.5
bone_name = "hand.R"
joint_constraints/bias = 0.3
joint_constraints/damping = 1.0
joint_constraints/impulse_clamp = 0.0

[node name="CollisionShape3D" type="CollisionShape3D" parent="rig/Skeleton3D/PhysicalBoneSimulator3D/Physical Bone hand_R" index="0" unique_id=580096743]
transform = Transform3D(1, 3.655441e-08, 0, 0, 0.656928, 0.75395334, 1.4901161e-08, -0.75395316, 0.6569277, 5.9604645e-08, 0.025568843, -0.029345423)
shape = SubResource("CapsuleShape3D_5f4dq")

[node name="Physical Bone hand_flaps_R" type="PhysicalBone3D" parent="rig/Skeleton3D/PhysicalBoneSimulator3D" index="13" unique_id=920417226]
transform = Transform3D(-0.74036384, -0.6722064, -4.874727e-05, 0.6709018, -0.7389225, -0.06232615, 0.041860014, -0.04617673, 0.99805593, -0.44799185, 0.94702345, -0.017499495)
collision_layer = 8
collision_mask = 9
joint_type = 1
joint_offset = Transform3D(1, 0, 0, 0, 1, 0, 0, 0, 1, 9.3829874e-07, -6.410445e-07, 0.020968635)
body_offset = Transform3D(1.0000001, 6.7391666e-06, 7.179752e-05, 7.172674e-05, -6.3441694e-06, -1.0000004, -6.45651e-06, 1.0000001, -6.3814223e-06, -2.4437904e-06, 0.020968642, 7.748604e-07)
bounce = 0.5
bone_name = "hand_flaps.R"
joint_constraints/bias = 0.3
joint_constraints/damping = 1.0
joint_constraints/impulse_clamp = 0.0

[node name="CollisionShape3D" type="CollisionShape3D" parent="rig/Skeleton3D/PhysicalBoneSimulator3D/Physical Bone hand_flaps_R" index="0" unique_id=541532473]
transform = Transform3D(1.0000005, 4.4703484e-08, -3.085006e-08, 0, -2.1606684e-07, 1.0000008, 0, -1.0000099, 0, 1.3889405e-09, -6.946043e-09, -0.03107038)
shape = SubResource("CapsuleShape3D_wkwjc")

[node name="Physical Bone thigh_L" type="PhysicalBone3D" parent="rig/Skeleton3D/PhysicalBoneSimulator3D" index="14" unique_id=2074096481]
transform = Transform3D(0.9992531, 0.0011226437, 0.03862619, -0.03861441, 0.0671138, 0.9969979, -0.0014730769, -0.99774474, 0.06710702, 0.07127708, 0.6831176, 0.057340972)
collision_layer = 8
collision_mask = 9
joint_type = 2
joint_offset = Transform3D(1, 0, 0, 0, 1, 0, 0, 0, 1, 0.00013683466, -0.00049218803, 0.21675983)
body_offset = Transform3D(0.9999992, 0.0006778176, -0.0006304554, -0.00063200365, 0.002272047, -0.999997, -0.0006763791, 0.9999909, 0.002272442, 1.5646219e-07, 0.2167604, -2.9802322e-07)
bounce = 0.5
bone_name = "thigh.L"
joint_constraints/swing_span = 9.999996
joint_constraints/twist_span = 9.999996
joint_constraints/bias = 0.3
joint_constraints/softness = 0.8
joint_constraints/relaxation = 1.0

[node name="CollisionShape3D" type="CollisionShape3D" parent="rig/Skeleton3D/PhysicalBoneSimulator3D/Physical Bone thigh_L" index="0" unique_id=2090016027]
transform = Transform3D(0.9999977, -4.831236e-09, -6.2864274e-09, 9.313226e-10, -2.7567148e-07, 0.99999535, 2.6077032e-08, -0.9999937, -2.9802322e-08, 0, 0, 0)
shape = SubResource("CapsuleShape3D_buvwi")

[node name="Physical Bone shin_L" type="PhysicalBone3D" parent="rig/Skeleton3D/PhysicalBoneSimulator3D" index="15" unique_id=1225577144]
transform = Transform3D(0.9989695, -0.0013844197, -0.04536627, 0.04509875, 0.1428227, 0.9887203, 0.0051105283, -0.98974735, 0.14273795, 0.0712763, 0.28160524, 0.01553053)
collision_layer = 8
collision_mask = 9
joint_type = 5
joint_offset = Transform3D(1, 0, 0, 0, 1, 0, 0, 0, 1, 9.390184e-07, -8.982066e-07, 0.18756299)
body_offset = Transform3D(0.9999996, 6.7204237e-06, 7.1374234e-07, 6.661867e-07, -9.149313e-06, -0.99999976, -6.7017972e-06, 0.99999356, -8.240342e-06, -1.0728836e-06, 0.18756294, 2.4437904e-06)
bounce = 0.5
bone_name = "shin.L"
joint_constraints/x/linear_limit_enabled = true
joint_constraints/x/linear_limit_upper = 0.0
joint_constraints/x/linear_limit_lower = 0.0
joint_constraints/x/linear_limit_softness = 0.7
joint_constraints/x/linear_spring_enabled = false
joint_constraints/x/linear_spring_stiffness = 0.0
joint_constraints/x/linear_spring_damping = 0.0
joint_constraints/x/linear_equilibrium_point = 0.0
joint_constraints/x/linear_restitution = 0.5
joint_constraints/x/linear_damping = 1.0
joint_constraints/x/angular_limit_enabled = true
joint_constraints/x/angular_limit_upper = 0.0
joint_constraints/x/angular_limit_lower = -180.0
joint_constraints/x/angular_limit_softness = 0.5
joint_constraints/x/angular_restitution = 0.0
joint_constraints/x/angular_damping = 1.0
joint_constraints/x/erp = 0.5
joint_constraints/x/angular_spring_enabled = false
joint_constraints/x/angular_spring_stiffness = 0.0
joint_constraints/x/angular_spring_damping = 0.0
joint_constraints/x/angular_equilibrium_point = 0.0
joint_constraints/y/linear_limit_enabled = true
joint_constraints/y/linear_limit_upper = 0.0
joint_constraints/y/linear_limit_lower = 0.0
joint_constraints/y/linear_limit_softness = 0.7
joint_constraints/y/linear_spring_enabled = false
joint_constraints/y/linear_spring_stiffness = 0.0
joint_constraints/y/linear_spring_damping = 0.0
joint_constraints/y/linear_equilibrium_point = 0.0
joint_constraints/y/linear_restitution = 0.5
joint_constraints/y/linear_damping = 1.0
joint_constraints/y/angular_limit_enabled = true
joint_constraints/y/angular_limit_upper = 0.0
joint_constraints/y/angular_limit_lower = 0.0
joint_constraints/y/angular_limit_softness = 0.5
joint_constraints/y/angular_restitution = 0.0
joint_constraints/y/angular_damping = 1.0
joint_constraints/y/erp = 0.5
joint_constraints/y/angular_spring_enabled = false
joint_constraints/y/angular_spring_stiffness = 0.0
joint_constraints/y/angular_spring_damping = 0.0
joint_constraints/y/angular_equilibrium_point = 0.0
joint_constraints/z/linear_limit_enabled = true
joint_constraints/z/linear_limit_upper = 0.0
joint_constraints/z/linear_limit_lower = 0.0
joint_constraints/z/linear_limit_softness = 0.7
joint_constraints/z/linear_spring_enabled = false
joint_constraints/z/linear_spring_stiffness = 0.0
joint_constraints/z/linear_spring_damping = 0.0
joint_constraints/z/linear_equilibrium_point = 0.0
joint_constraints/z/linear_restitution = 0.5
joint_constraints/z/linear_damping = 1.0
joint_constraints/z/angular_limit_enabled = true
joint_constraints/z/angular_limit_upper = 0.0
joint_constraints/z/angular_limit_lower = 0.0
joint_constraints/z/angular_limit_softness = 0.5
joint_constraints/z/angular_restitution = 0.0
joint_constraints/z/angular_damping = 1.0
joint_constraints/z/erp = 0.5
joint_constraints/z/angular_spring_enabled = false
joint_constraints/z/angular_spring_stiffness = 0.0
joint_constraints/z/angular_spring_damping = 0.0
joint_constraints/z/angular_equilibrium_point = 0.0

[node name="CollisionShape3D" type="CollisionShape3D" parent="rig/Skeleton3D/PhysicalBoneSimulator3D/Physical Bone shin_L" index="0" unique_id=652499107]
transform = Transform3D(0.9999993, 4.17931e-08, -1.8626451e-09, 7.916242e-09, 0, 0.99999845, -1.6530976e-08, -0.99999857, -1.6391277e-07, 0, 0, 0)
shape = SubResource("CapsuleShape3D_wp27b")

[node name="Physical Bone foot_L" type="PhysicalBone3D" parent="rig/Skeleton3D/PhysicalBoneSimulator3D" index="16" unique_id=72558719]
transform = Transform3D(1, -3.5273456e-06, 4.2772717e-06, -5.1617417e-06, -0.87390286, 0.48610064, 2.023275e-06, -0.4861006, -0.8739029, 0.07985368, 0.059222218, 0.055191454)
collision_layer = 8
collision_mask = 9
joint_type = 2
joint_offset = Transform3D(1, 0, 0, 0, 1, 0, 0, 0, 1, -6.809214e-05, 4.5437451e-07, 0.07601198)
body_offset = Transform3D(0.99999964, -5.1841084e-06, 2.7610954e-06, 2.7567144e-06, -1.4901161e-06, -0.999995, 5.1558e-06, 0.99999875, -6.1690807e-06, 6.788224e-05, 0.0760116, 1.4901161e-08)
bounce = 0.5
bone_name = "foot.L"
joint_constraints/swing_span = 45.0
joint_constraints/twist_span = 180.0
joint_constraints/bias = 0.3
joint_constraints/softness = 0.8
joint_constraints/relaxation = 1.0

[node name="CollisionShape3D" type="CollisionShape3D" parent="rig/Skeleton3D/PhysicalBoneSimulator3D/Physical Bone foot_L" index="0" unique_id=1755556023]
transform = Transform3D(1, -1.07731254e-11, 2.4244735e-11, -2.8279601e-11, -0.48170766, 0.8763318, 1.0743406e-11, -0.8763317, -0.48170772, 1.4901465e-08, 0.013583039, -0.019803226)
shape = SubResource("CapsuleShape3D_ytxqc")

[node name="Physical Bone thigh_R" type="PhysicalBone3D" parent="rig/Skeleton3D/PhysicalBoneSimulator3D" index="17" unique_id=59287884]
transform = Transform3D(0.9992291, -0.00053433, -0.039255027, 0.039197426, 0.06940426, 0.99681824, 0.0021918358, -0.9975885, 0.06937169, -0.07128382, 0.68313146, 0.057340354)
collision_layer = 8
collision_mask = 9
joint_type = 2
joint_offset = Transform3D(1, 0, 0, 0, 1, 0, 0, 0, 1, 6.354424e-06, -1.5253565e-06, 0.21674642)
body_offset = Transform3D(0.99999964, 1.2572855e-08, 2.1449523e-08, 2.743036e-08, 1.1399388e-06, -0.9999999, -1.2805685e-08, 0.99999416, 1.1250377e-06, -6.3590705e-06, 0.21674639, 1.2814999e-06)
bounce = 0.5
bone_name = "thigh.R"
joint_constraints/swing_span = 9.999996
joint_constraints/twist_span = 9.999996
joint_constraints/bias = 0.3
joint_constraints/softness = 0.8
joint_constraints/relaxation = 1.0

[node name="CollisionShape3D" type="CollisionShape3D" parent="rig/Skeleton3D/PhysicalBoneSimulator3D/Physical Bone thigh_R" index="0" unique_id=600114921]
transform = Transform3D(1, -5.966285e-08, 0, 0, -1.7136335e-07, 1, 7.421477e-10, -0.99999785, 0, 0, 0, 0)
shape = SubResource("CapsuleShape3D_r35ou")

[node name="Physical Bone shin_R" type="PhysicalBone3D" parent="rig/Skeleton3D/PhysicalBoneSimulator3D" index="18" unique_id=1937813055]
transform = Transform3D(0.9989694, 0.0013908492, 0.045367137, -0.045100577, 0.14281338, 0.98872155, -0.005103871, -0.9897487, 0.14272892, -0.071280405, 0.2816146, 0.0155356135)
collision_layer = 8
collision_mask = 9
joint_type = 5
